                H                      e                   e                              e_p             e_p              F1
                I     S N              _RArad              _DErad Pl      e_Plx  pmRA     mRA (m pmDE     mDE (m           (         Hpma    e_Hpma  sHp    V B-V    e_B-V  V-I
_r (deg) HIP    P Sn  o c RArad (deg)  (mas)  DErad (deg)  (mas)  x (mas) (mas)  (mas/yr) as/yr) (mas/yr) as/yr) Ntr F2    %) var    g (mag) g (mag) (mag)  A (mag)  (mag)  (mag)  HIP1 Phot
-------- ------ - --- - - ------------ ------ ------------ ------ ------- ------ -------- ------ -------- ------ --- ----- -- ------ ------- ------- ------ - ------ ------ ------ ---- ----
1.973924  16996     5 0 1 054.64957007   0.98 +24.60168679   0.58    8.96   1.07     3.47   1.55   -22.69   1.46  76  0.62  0    0.0  8.3007  0.0012  0.011 0  0.428  0.015  0.500 HIP1 Phot
1.889277  17020     5 0 1 054.73688334   2.48 +24.56991538   1.43    2.98   2.75    21.24   3.71   -44.93   3.32  74  2.81  0    0.0 10.6845  0.0041  0.028 0  0.645  0.015  0.710 HIP1 Phot
1.889023  17034     5 0 1 054.77795755   0.68 +24.70298266   0.32    8.32   0.79    23.91   0.97   -45.11   0.74  74  0.10  0    0.0  7.1287  0.0008  0.008 0  0.039  0.008  0.050 HIP1 Phot
1.806014  17044     5 0 1 054.80608403   1.83 +24.46663084   1.09   10.19   2.19    23.24   2.62   -43.11   2.16  75  0.16  0    0.0 10.5328  0.0040  0.025 0  0.616  0.005  0.680 HIP1 Phot
1.866747  17091     5 0 1 054.92150616   1.73 +23.29098750   0.87   11.82   1.94    26.82   2.74   -44.23   2.11  72  0.62  0    0.0 10.0767  0.0050  0.028 0  0.608  0.056  0.680 HIP1 Phot
1.863111  17181     5 0 1 055.19293083   0.42 +25.32952648   0.24    6.83   0.50     9.83   0.58   -14.86   0.50  74  3.32  0    0.0  6.1465  0.0009  0.006 0  0.097  0.005  0.110 HIP1 Phot
1.430884  17225     5 0 1 055.34564028   0.94 +23.48704602   0.56    8.10   1.06    21.78   1.42   -44.97   1.26  73 -1.50  0    0.0  9.2790  0.0019  0.015 0  0.437  0.006  0.510 HIP1 Phot
1.938251  17245     5 0 1 055.40064469   1.31 +25.61943238   0.79    6.64   1.51    14.67   1.80   -47.59   1.67  76 -0.09  1    0.0 10.2149  0.0026  0.022 0  0.589  0.004  0.660 HIP1 Phot
1.689947  17289     5 0 1 055.51962651   1.42 +22.85866532   0.77    7.65   1.50    20.04   1.89   -42.56   1.51  68  1.18  0    0.0  9.2749  0.0024  0.014 0  0.463  0.003  0.530 HIP1 Phot
1.717047  17305     5 0 1 055.56627328   0.83 +22.78664002   0.43   18.77   0.84    20.81   1.03   -75.66   0.88  69  1.67  0    0.0  7.4944  0.0009  0.007 0  0.428  0.013  0.500 HIP1 Phot
1.997608  17317     5 0 1 055.60005084   1.97 +22.42124648   0.95    8.27   2.07    18.87   2.22   -43.38   1.71  66  0.85  0    0.0 10.4945  0.0051  0.035 0  0.700  0.020  0.750 HIP1 Phot
0.888990  17401     5 0 1 055.92300723   0.83 +23.64925995   0.56    7.58   0.90    18.77   1.06   -46.36   0.95  71  0.99  0    0.0  8.0169  0.0013  0.013 0  0.347  0.010  0.410 HIP1 Phot
1.218823  17403     5 0 1 055.92992842   0.56 +25.08083883   0.37    7.93   0.60    22.38   0.97   -55.13   0.98  72 -0.08  0    0.0  7.5779  0.0015  0.012 0  0.141  0.008  0.160 HIP1 Phot
0.529879  17489     5 0 1 056.20084225   0.32 +24.28957701   0.18    8.65   0.36    20.38   0.43   -44.81   0.37  58 -1.17  0    0.0  5.4507  0.0006  0.005 0 -0.034  0.016  0.010 HIP1 Phot
0.979776  17497     5 0 1 056.21342697   1.14 +23.26902901   0.74    8.33   1.22    21.87   1.37   -43.18   1.08  68  0.24  0    0.0  9.0747  0.0019  0.014 0  0.403  0.007  0.470 HIP1 Phot
0.484807  17499     5 0 1 056.21884818   0.22 +24.11344840   0.12    8.06   0.25    20.84   0.28   -46.06   0.23  65  0.10  0    0.0  3.6857  0.0006  0.004 0 -0.105  0.013 -0.090 HIP1 Phot
0.834939  17527     5 0 1 056.29052848   0.31 +24.83937328   0.20    7.97   0.37    20.36   0.45   -46.52   0.41  69  0.56  0    0.0  5.6447  0.0006  0.005 0 -0.064  0.012 -0.030 HIP1 Phot
0.538242  17531     5 0 1 056.30200903   0.30 +24.46737906   0.18    7.97   0.33    21.24   0.38   -40.56   0.35  59  0.55  3    0.0  4.2724  0.0006  0.004 0 -0.110  0.006 -0.080 HIP1 Phot
1.006817  17572    15 3 2 056.45334199   0.71 +23.14725707   0.51    8.24   0.75    20.50   0.85   -44.55   0.74  61  3.65  0    0.0  6.8756  0.0011  0.007 0  0.060  0.011  0.070 HIP1 Phot
0.366923  17573     5 0 1 056.45663811   0.26 +24.36785797   0.18    8.51   0.28    20.95   0.31   -45.98   0.28  55  0.33  1    0.0  3.8591  0.0006  0.003 0 -0.063  0.015 -0.020 HIP1 Phot
0.503665  17579     5 0 1 056.47693310   0.51 +24.55462133   0.35    8.77   0.54    20.18   0.70   -44.87   0.62  58  2.51  0    0.0  5.7675  0.0011  0.006 0 -0.036  0.008  0.020 HIP1 Phot
1.302527  17583     5 0 1 056.49636075   0.73 +25.39870211   0.48    8.00   0.89    19.00   0.99   -47.23   0.94  65  1.23  0    0.0  8.1080  0.0012  0.009 0  0.213  0.006  0.240 HIP1 Phot
0.464967  17588     5 0 1 056.51203202   0.55 +24.52800593   0.42    8.58   0.56    19.88   0.73   -44.37   0.65  60  1.00  1    0.0  6.4389  0.0012  0.008 0 -0.020  0.006  0.020 HIP1 Phot
0.228006  17608     5 0 1 056.58150148   0.35 +23.94846199   0.18    8.58   0.37    21.13   0.35   -43.65   0.27  53  1.46  0    0.0  4.1534  0.0010  0.005 0 -0.051  0.020  0.020 HIP1 Phot
1.729887  17625     5 0 1 056.64506759   1.20 +25.84397069   0.73    4.42   1.48    20.91   1.65   -45.13   1.38  65  1.56  1    0.0  8.8163  0.0020  0.016 0  0.355  0.007  0.420 HIP1 Phot
0.403541  17664     5 0 1 056.74743147   0.69 +24.52023406   0.60    7.66   0.66    22.73   0.84   -45.00   0.85  59 -0.04  1    0.0  6.8487  0.0006  0.008 0  0.021  0.007  0.040 HIP1 Phot
0.395330  17684     5 0 1 056.82151786   0.65 +23.72681305   0.35   15.52   0.73   -34.94   0.69   -25.54   0.55  52 -1.67  0    0.0  7.0983  0.0017  0.010 0  0.542  0.014  0.620 HIP1 Phot
0.323250  17692     5 0 1 056.83731961   0.68 +23.80345385   0.42    8.90   0.77    18.56   0.75   -44.31   0.60  53  0.18  0    0.0  7.0227  0.0011  0.008 0  0.030  0.001  0.050 HIP1 Phot
1.197664  17694    75 4 1 056.84535265   0.78 +22.92223155   0.53    8.62   0.84    20.91   1.04   -44.88   0.87  63  0.42  0    0.0  8.2381  0.0012  0.011 0  0.255  0.004  0.290 HIP1 Phot
0.111128  17702     5 0 1 056.87110081   0.39 +24.10524179   0.25    8.09   0.42    19.34   0.39   -43.67   0.33  53  6.56  0    0.0  2.8480  0.0006  0.004 0 -0.086  0.012 -0.010 HIP1 Phot
0.204985  17704     5 0 1 056.87267468   0.72 +24.28845290   0.54    9.42   0.75    18.33   0.87   -44.69   0.74  58  1.34  0    0.0  6.8592  0.0013  0.013 0  0.066  0.006  0.080 HIP1 Phot
1.281414  17729     5 0 1 056.94509471   0.78 +25.38580796   0.55    9.68   0.93    19.26   0.96   -46.75   0.91  64 -0.50  0    0.0  8.3816  0.0010  0.010 0  0.262  0.008  0.290 HIP1 Phot
0.907545  17759     5 0 1 057.02732727   0.65 +24.98848492   0.48    6.03   0.70   -28.00   0.78   -28.00   0.74  59  2.16  1    0.0  6.5461  0.0044  0.023 2  1.701  0.001  1.710 HIP1 Phot
0.760548  17776     5 0 1 057.08668458   0.34 +23.42136364   0.19    8.45   0.39    17.99   0.39   -46.57   0.32  58  0.29  0    0.0  5.4355  0.0008  0.005 0 -0.067  0.008 -0.010 HIP1 Phot
0.411782  17791     5 0 1 057.12535040   1.20 +24.34562943   0.87    7.87   1.32    17.68   1.48   -43.28   1.37  66  9.52  0    0.0  7.0038  0.0013  0.010 0  0.128  0.005  0.140 HIP1 Phot
1.727475  17812     5 0 1 057.17454968   1.22 +25.80075460   1.02    3.38   1.06    -2.22   1.53    -4.48   1.74  59  0.03  0    0.0  8.4829  0.0023  0.011 0  0.110  0.015  0.120 HIP1 Phot
1.388513  17828     5 0 1 057.22794172   0.81 +22.79922128   0.49    4.15   0.97     6.76   1.14    -4.45   0.93  62  0.89  0    0.0  8.1391  0.0027  0.017 0  0.050  0.015  0.060 HIP1 Phot
0.515151  17832     5 0 1 057.23713023   0.46 +23.85727235   0.28   13.22   0.52    46.63   0.53   -56.75   0.44  64 -1.37  1    0.0  6.5595  0.0008  0.006 0  0.377  0.009  0.440 HIP1 Phot
0.497514  17847    75 4 1 057.29054699   0.36 +24.05352413   0.23    8.53   0.39    17.70   0.36   -44.18   0.32  68  4.63  1    0.0  3.6084  0.0010  0.006 0 -0.070  0.015 -0.030 HIP1 Phot
0.499333  17851     5 0 1 057.29668416   0.28 +24.13682556   0.18    8.54   0.31    18.07   0.30   -47.20   0.27  68 -1.21  1    0.0  5.0295  0.0017  0.011 2 -0.082  0.004 -0.060 HIP1 Phot
0.599863  17862     5 0 1 057.34057535   0.51 +24.38106398   0.34    8.18   0.59    17.42   0.65   -45.38   0.52  73  0.41  2    0.0  6.6115  0.0012  0.007 0 -0.027  0.004 -0.020 HIP1 Phot
1.694825  17892     5 0 1 057.40903632   0.51 +22.53359199   0.31    8.30   0.66    18.52   0.80   -42.87   0.65  71  0.92  0    0.0  7.0302  0.0011  0.006 0  0.033  0.008  0.050 HIP1 Phot
0.742793  17900     5 0 1 057.43133303   0.50 +23.71196321   0.29    8.72   0.60    16.73   0.63   -44.82   0.53  70  2.26  0    0.0  6.1646  0.0009  0.006 0 -0.046  0.007 -0.020 HIP1 Phot
1.988859  17921     5 0 1 057.47940817   0.36 +22.24426274   0.20    8.86   0.42    24.31   0.48   -44.46   0.39  71  0.74  2    0.0  6.0720  0.0006  0.006 0 -0.006  0.015  0.050 HIP1 Phot
0.728821  17923    15 3 3 057.49184621   0.62 +23.84880345   0.39    6.81   0.72    16.81   0.82   -44.88   0.68  72  2.38  0    0.0  6.7608  0.0012  0.007 0  0.063  0.008  0.070 HIP1 Phot
1.678480  17928     5 0 1 057.51401483   0.58 +22.59178987   0.35   24.89   0.75   156.86   0.88   -60.62   0.73  68  0.11  0    0.0  7.4024  0.0012  0.008 0  0.538  0.015  0.610 HIP1 Phot
1.644930  17954    55 3 2 057.57881127   0.55 +25.57964845   0.43   17.71   0.55    41.00   0.70  -112.74   0.73  66  4.97  1    0.0  5.3049  0.0012  0.008 0  0.231  0.005  0.260 HIP1 Phot
